10 001
32 01100111100111010000111111111111111100010111
33 01100111100111010000111111111111111100010100
34 0110011110011101101
35 01100111100111010000111111110
36 011001111001110100001111111111111110001
37 01100111100111010000111111111111111100010001
38 01100111100100
39 0110011110011101001
40 0110011110011101000010
41 011001111001110100001111111110
42 01100111100111010000111111111111110101
43 011001111001110100001111111111111110000
44 011001111001110100001111111111111111010101
45 01100111100111010000111111111111111100010000
46 011001111001110100001111111111111000
47 0110011110011100
48 011001111000010
49 01100111100111011001
50 011001111001110100000
51 01100111100111010000110
52 01100111100111010000111110
53 0110011110011101000011111111110
54 0110011110011101000011111111111110011
55 01100111100111010000111111111111110100
56 011001111001110100001111111111111111101
57 0110011110011101000011111111111111110111
58 01100111100111010000111111111111111101001
59 011001111001110100001111111111111111010100
60 0110011110011101000011111111111111110001101
61 01100111100111010000111111111111111100000001
62 011001111001110100001111111111111100
63 011001111001111
64 01100111100101
65 01100111100000
66 011001111000011
67 011001111001110111
68 011001111001110101
69 01100111100111010001
70 011001111001110110000
71 0110011110011101100011
72 0110011110011101100010
73 011001111001110100001110
74 0110011110011101000011110
75 011001111001110100001111110
76 0110011110011101000011111111111111110001001
77 01100111100111010000111111111110
78 01100111100111010000111111111111111100010110
79 0110011110011101000011111111111110010
80 0110011110011101000011111111111111101
81 01100111100111010000111111111111111111
82 01100111100111010000111111111111111001
83 011001111001110100001111111111111111100
84 011001111001110100001111111111111111001
85 0110011110011101000011111111111111110110
86 01100111100111010000111111111111111101011
87 01100111100111010000111111111111111101000
88 01100111100111010000111111111111111100001
89 011001111001110100001111111111111111000111
90 011001111001110100001111111111111111000001
91 0110011110011101000011111111111111110001100
92 01100111100111010000111111111111111100010101
93 01100111100111010000111111111111111100000000
94 01100111100111010000111111111111101
95 01100111100110
96 0110011110001
97 1001
98 110010
99 11000
100 11110
101 010
102 011000
103 01101
104 100011
105 1101
106 0110011111
107 0110010
108 0001
109 111110
110 1010
111 0000
112 111111
113 011001110
114 1011
115 1110
116 0111
117 10000
118 1100111
119 1100110
120 01100110
121 100010
122 01100111101
123 0110011110011101000011111110
124 0110011110011101000011111111111111110000001
125 011001111001110100001111111111110
126 0110011110011101000011111111111111011
