10 110011
32 111
33 0110000010
34 1101011101
35 10100111001111111001
36 1010011100111111011
37 10100111001111111000
38 10100111001111111010011
39 11010110
40 1010011100110
41 1010011100011
42 101001110011110
43 1010011100111111101000000
44 100110
45 01100001
46 1010010
47 101001110001001
48 101001110001011
49 0110000001100
50 011010111101011
51 011010111101010
52 011010111101000
53 011010111101001
54 1010011100010101
55 1010011100111110
56 1010011100010100
57 1010011100010001
58 0110101111011
59 1010011110
60 101001110011111110101
61 10100111001111111010010011
62 10100111001111111011
63 0110101101
64 101001110011111100
65 1010011000
66 1010011001
67 01101011100
68 01101011111
69 01100000010
70 01101011101
71 01101010010
72 1010011011
73 110101111
74 011000000111
75 01101010011
76 101001110000
77 1101011100
78 10100111111
79 01100000000
80 01101010000
81 01100000001
82 101001110010
83 1010011101
84 011010101
85 0110000001101
86 10100111001110
87 0110101100
88 1010011100111111110
89 01101010001
90 1010011100111111010
91 10100111001111111111
92 10100111001111111010010010
93 10100111001111111110
94 10100111001111111010001
95 1010011100010000
96 101001110011111110100101
97 1000
98 1101010
99 101011
100 11000
101 000
102 101000
103 100111
104 0011
105 0100
106 10100111110
107 0110001
108 10010
109 110010
110 0101
111 0111
112 011001
113 0110000011
114 11011
115 0010
116 1011
117 110100
118 0110100
119 101010
120 1010011010
121 011011
122 011010111100
123 1010011100111111101001000
124 1010011100111111101000011
125 1010011100111111101000010
126 1010011100111111101000001
