10 000010
32 111
33 00001100101
34 000011111
35 110000010100001001101
36 1100000101000000011101
37 1100000101000000001001
38 110000010100001101
39 110011101
40 0000111011110
41 11000001010001
42 110000010100000001101
43 1100000101000000011100
44 101100
45 11000000100
46 1100110
47 110000010100001100
48 11000000010
49 1100000101000000000
50 1100000101011
51 11000001010000000100
52 11000001010000000011
53 110000010100001001100
54 1100000101000010010001
55 110000010100000001100
56 1100000101000000011111
57 1100000101000000010101
58 0000111101
59 0000111100
60 1100000101000000001011
61 1100000101000010011101
62 11000001010000111
63 1100111000
64 110000010100001000
65 110000011
66 1100000000
67 0000110111
68 1100000101010
69 00001110101
70 1100000011
71 00001110001
72 1100000101001
73 000011000
74 110000010100001001001
75 0000111011111
76 11000000101
77 0000111001
78 11000000011
79 0000110011
80 00001100100
81 110000010100000001011
82 00001110000
83 11000001011
84 11001111
85 1100000101000000010100
86 11000001010000000111101
87 000011010
88 11000001010000000111100
89 0000110110
90 00001110110
91 1100000101000000001010
92 1100000101000000001000
93 1100000101000010011100
94 1100000101000001
95 11000001010000101
96 11000001010000001
97 0111
98 1100001
99 101101
100 10000
101 001
102 110001
103 011010
104 11010
105 0100
106 000011101110
107 1000100
108 10111
109 110010
110 0101
111 1001
112 011011
113 00001110100
114 11011
115 0001
116 1010
117 01100
118 1000101
119 100011
120 1100111001
121 00000
122 1100000100
123 110000010100001001111
124 110000010100001001011
125 110000010100001001010
126 1100000101000010010000
