10 01010
32 111
33 011011010111
34 0110110101101111111100
35 01101101011011110011
36 0110110101101111110110
37 0110110101101111110111001
38 0110110101101110
39 0101100000
40 01101101011010101
41 01101101011011110010
42 011011010110111111111101
43 011011010110101100001
44 100010
45 110000100
46 1000111
47 0110110101101111111110
48 011011010110111111001
49 011011010110111111000
50 01101101011011111111111
51 01101101011010100
52 01101101011011111101111
53 01101101011011110001
54 01101101011010000
55 011011010110111111111100
56 011011010110100010
57 011011010110101100000
58 101110010
59 110101100
60 011011010110111111010011
61 0110110101101111110101111
62 01101101011011111110
63 110101110
64 011011010110111101
65 11010100
66 0110110111
67 01101111
68 01101101101
69 101110011
70 01101101011010111
71 01011001
72 0110110100
73 11000011
74 01101101011011111111011
75 01101101011011111111010
76 010110001
77 1101010110
78 110000101
79 110101101
80 110101111
81 011011010110100011
82 1101010111
83 01101100
84 10111000
85 011011101
86 01101101011011111101000
87 011011100
88 011011010110111111011101
89 0101100001
90 011011010110111111010110
91 011011010110111111010010
92 0110110101101111110111000
93 0110110101101111110101110
94 011011010110111110
95 0110110101100
96 011011010110110
97 1010
98 1000110
99 110100
100 10110
101 000
102 011010
103 1011101
104 11011
105 0010
106 01101101100
107 110101010
108 01100
109 010111
110 0100
111 0111
112 1100000
113 01101101010
114 11001
115 0011
116 1001
117 10000
118 0101101
119 110001
120 011011010110101101
121 101111
122 01101101011011111101010
123 0110110101101001
124 01101101011011110000
125 0110110101101011001
126 01101101011010110001
