200
0	147	24	28
0	147	22	24
0	117	7	9
0	109	5	10
0	63	13	17
0	187	15	18
0	97	22	25
0	80	2	6
0	176	2	6
0	189	22	24
0	57	21	26
0	13	19	20
0	135	15	20
0	148	21	26
0	166	20	24
0	194	6	7
0	76	6	8
0	17	16	20
0	122	21	25
0	108	4	5
0	21	9	12
0	160	3	5
0	30	20	24
0	180	9	13
0	137	22	27
0	100	17	20
0	128	23	28
0	75	6	10
1	41	19	21
1	123	23	26
1	51	21	23
1	44	16	18
1	13	23	27
1	63	5	7
1	71	0	2
1	86	7	9
1	149	3	7
1	194	10	14
1	178	22	24
1	197	18	19
1	147	0	1
1	3	23	24
1	110	1	6
1	118	12	16
1	33	16	19
1	83	22	27
1	35	3	4
1	36	1	3
1	180	5	9
1	29	14	17
1	157	12	17
1	106	13	14
2	184	15	19
2	198	3	7
2	140	21	25
2	177	7	12
2	136	24	26
2	3	3	8
2	22	8	9
2	119	2	4
2	81	7	10
2	67	3	4
2	141	9	10
2	66	17	21
2	140	21	26
2	14	9	10
2	44	9	12
2	184	6	9
2	89	23	25
2	129	7	8
2	112	3	8
2	179	18	21
2	3	1	6
3	53	16	18
3	159	12	16
3	139	24	27
3	79	23	27
3	111	24	26
3	156	9	11
3	53	15	20
3	127	0	3
3	79	20	21
3	41	8	9
3	30	8	13
3	122	13	15
3	30	1	2
3	128	7	10
3	83	3	6
3	10	6	7
3	58	11	16
3	197	19	23
3	107	12	17
3	109	5	6
3	186	16	17
3	182	20	22
3	50	8	10
3	182	9	12
3	79	0	3
3	32	22	25
4	176	19	21
4	150	2	7
4	53	7	10
4	137	1	6
4	39	24	27
4	145	16	21
4	153	12	17
4	77	1	4
4	132	17	21
4	135	18	19
4	87	12	14
4	9	7	10
4	33	16	19
4	165	16	19
4	16	3	7
4	8	9	14
4	127	19	20
5	162	24	26
5	154	0	2
5	124	15	18
5	28	14	16
5	155	5	7
5	117	21	24
5	181	13	17
5	173	6	10
5	119	19	21
5	117	18	20
5	156	15	17
5	51	23	24
5	17	1	2
5	67	5	9
5	50	8	13
5	17	17	21
5	138	16	20
5	169	6	9
5	156	1	5
5	63	5	6
5	169	24	25
5	133	5	10
5	127	21	25
5	157	22	24
6	189	0	3
6	92	11	16
6	83	2	4
6	7	17	19
6	87	20	21
6	150	21	24
6	182	15	16
6	138	19	21
6	80	11	12
6	183	7	10
6	145	23	27
7	116	12	13
7	190	14	16
7	162	1	4
7	56	11	15
7	45	5	6
7	100	10	12
7	139	16	17
7	166	13	16
7	26	13	17
7	148	8	10
7	5	12	15
7	95	9	12
7	179	7	9
7	91	15	16
7	71	24	26
7	124	17	19
7	169	23	27
7	59	12	17
7	34	13	14
7	8	14	16
7	116	17	20
7	77	9	12
7	192	4	5
7	22	20	25
7	23	9	10
7	32	0	3
7	148	15	19
8	105	7	10
8	7	16	17
8	103	19	21
8	98	1	6
8	49	12	14
8	25	18	22
8	51	17	20
8	185	7	10
8	23	15	17
8	35	23	26
8	7	4	6
8	90	7	9
8	158	6	7
8	106	11	14
8	178	6	8
8	173	5	6
9	79	6	11
9	197	3	6
9	173	3	7
9	104	0	2
9	60	13	15
9	25	20	24
9	43	16	20
9	161	10	12
9	104	21	24
9	43	17	22
9	157	11	16
9	186	9	11
9	148	19	24
9	103	22	27
9	33	7	8
9	45	4	5
9	6	2	3
9	15	11	14
9	106	20	25
9	15	4	7
9	88	17	18
10	53	15	19
10	65	15	16
10	184	2	5
10	89	24	29
10	5	20	21
10	177	5	8
10	91	24	25
10	64	17	18
10	78	13	17
10	192	8	12
10	96	12	17
10	42	18	23
10	12	13	14
10	184	9	12
10	120	11	12
10	159	8	11
10	138	2	5
10	43	14	19
10	141	7	11
10	149	0	1
10	194	7	8
10	135	8	10
10	89	8	12
10	103	15	17
11	121	13	15
11	2	20	22
11	137	12	14
11	198	24	28
11	179	18	21
11	108	7	9
11	28	16	20
11	69	19	23
11	75	23	28
11	90	9	13
11	22	3	8
11	23	7	12
11	185	23	28
11	174	22	24
11	140	6	11
11	170	15	17
11	113	11	12
11	42	4	5
11	189	10	11
11	117	6	11
11	16	16	18
11	184	23	27
11	52	13	16
11	106	8	11
11	177	9	11
11	146	8	13
11	37	16	17
11	133	21	23
12	114	22	24
12	161	2	6
12	124	16	19
12	154	0	5
12	93	14	18
12	106	14	19
12	33	0	3
12	5	14	16
12	4	13	15
12	48	5	6
12	98	10	15
12	186	4	6
12	95	0	5
12	54	20	23
13	68	14	16
13	141	24	25
13	118	17	18
13	4	20	23
13	143	8	12
13	24	20	24
13	147	12	15
13	179	4	8
13	130	5	7
13	165	8	11
13	182	12	13
13	29	15	20
13	150	10	12
13	189	21	22
13	98	9	14
13	19	12	15
13	52	22	26
13	54	3	8
13	92	21	24
13	78	1	3
13	78	0	1
13	14	10	15
13	74	0	4
13	163	9	11
13	64	10	15
13	193	6	11
13	92	0	2
14	173	7	10
14	121	8	12
14	15	15	18
14	146	13	14
14	58	13	18
14	151	18	20
14	28	3	7
14	172	17	19
14	142	2	3
14	82	14	17
14	128	23	24
14	126	18	21
14	74	7	10
15	153	9	14
15	163	0	5
15	113	10	12
15	177	7	12
15	134	5	7
15	14	2	6
15	81	7	8
15	30	3	7
15	33	22	24
15	67	15	18
15	54	19	23
15	105	22	25
15	132	4	6
15	152	23	28
15	86	11	13
15	135	17	20
15	53	9	13
15	167	15	17
15	67	15	19
15	187	2	4
15	48	24	29
15	14	10	14
15	132	11	13
15	144	6	11
15	72	22	25
15	75	4	6
15	16	10	13
15	112	23	27
15	46	4	9
16	122	5	7
16	1	3	8
16	62	7	9
16	195	3	6
16	114	10	13
16	2	18	23
16	15	23	26
16	42	2	6
16	94	24	25
16	104	4	9
16	11	16	21
16	107	21	24
16	175	12	16
16	160	2	6
16	129	10	11
16	121	13	15
16	131	21	26
16	129	12	17
16	96	1	2
17	165	22	26
17	176	11	12
17	163	14	17
17	69	4	9
17	197	19	20
17	116	15	19
17	122	11	16
17	119	16	19
17	73	15	18
17	184	19	24
17	38	8	11
17	7	24	27
17	75	10	14
17	97	9	13
17	56	6	8
18	146	1	2
18	148	19	20
18	10	17	22
18	164	13	14
18	53	23	24
18	41	10	11
18	42	4	9
18	182	8	10
18	194	18	19
18	19	8	12
18	187	11	13
18	132	16	21
18	105	8	11
18	84	19	22
18	22	24	29
18	114	15	18
18	111	2	7
18	88	22	23
19	126	22	23
19	39	3	5
19	152	6	9
19	25	17	21
19	171	21	26
19	18	12	14
19	80	0	2
19	167	3	5
19	60	21	23
19	130	14	17
19	149	13	18
19	9	19	21
19	55	10	13
19	196	11	13
19	165	12	13
19	151	7	12
19	67	23	24
19	124	0	4
19	73	6	8
19	31	20	21
19	126	18	23
19	140	1	3
19	45	2	7
19	199	17	21
19	11	7	11
19	65	6	7
20	120	21	24
20	76	22	27
20	159	20	23
20	106	4	7
20	56	16	20
20	172	19	24
20	133	8	12
20	63	23	27
20	48	9	12
20	58	6	9
20	40	4	8
20	81	19	23
20	40	19	22
20	5	15	17
20	161	0	5
20	76	8	10
20	188	18	19
20	76	5	10
20	49	15	18
20	73	10	11
21	125	2	4
21	87	7	10
21	175	13	18
21	73	22	23
21	130	0	3
21	169	14	16
21	14	17	22
21	182	22	23
21	82	14	15
21	190	5	8
21	91	1	2
21	101	14	17
21	72	17	22
21	30	23	26
21	49	0	3
21	153	14	17
21	88	13	15
22	3	24	27
22	8	13	14
22	163	17	20
22	21	18	20
22	59	3	6
22	64	23	27
22	58	16	20
22	167	22	23
22	40	20	25
22	72	4	9
22	161	7	11
22	71	5	8
22	136	11	13
22	65	14	17
22	159	0	5
22	175	19	22
22	11	13	18
22	199	6	9
22	122	10	13
22	146	3	8
22	134	11	12
22	11	18	23
22	49	22	23
22	71	20	22
23	125	20	22
23	32	1	4
23	175	14	16
23	13	18	21
23	182	23	28
23	115	21	25
23	16	22	25
23	156	3	7
23	90	1	4
23	82	3	7
23	28	13	16
23	76	21	25
23	129	10	11
23	174	4	7
23	193	22	24
23	3	5	10
23	9	7	12
23	13	14	19
23	41	5	6
23	162	22	25
24	61	0	1
24	1	10	14
24	2	2	7
24	97	1	5
24	124	18	22
24	120	14	15
24	112	23	27
24	168	19	21
24	163	6	9
24	126	1	4
24	113	23	25
24	95	18	19
24	169	19	20
24	137	0	5
24	149	6	8
24	184	14	19
24	116	2	6
24	53	18	22
25	16	22	25
25	90	5	9
25	134	21	26
25	35	0	3
25	87	13	18
25	57	22	25
25	156	14	15
25	135	15	19
25	188	22	27
25	22	9	11
25	112	23	28
25	93	17	19
25	102	21	24
25	40	20	23
25	193	9	12
25	151	19	20
25	191	4	6
25	150	17	22
25	45	5	8
25	15	21	24
25	83	23	26
25	49	20	25
25	174	16	18
25	27	23	27
25	128	9	12
25	83	23	24
25	149	16	21
25	17	21	26
26	23	9	11
26	92	6	9
26	165	9	10
26	180	0	3
26	199	15	20
26	151	18	19
26	16	3	8
26	140	14	18
26	20	9	11
26	196	14	15
26	140	7	8
26	101	0	3
26	150	8	9
26	92	9	12
26	43	7	10
26	48	4	8
26	161	18	20
26	191	16	18
26	69	13	14
26	9	13	15
26	173	16	17
26	182	22	25
26	119	4	9
26	108	17	20
27	89	16	18
27	31	24	28
27	93	17	18
27	108	9	12
27	94	16	18
27	38	17	22
27	117	21	25
27	26	15	17
27	56	16	20
27	167	11	16
27	165	0	1
27	173	23	25
27	55	0	4
27	17	17	22
27	19	19	24
27	28	4	8
27	29	13	16
27	4	14	16
27	43	12	15
27	10	20	24
27	162	20	23
27	199	3	6
27	7	1	6
27	12	24	29
27	178	21	25
28	152	11	15
28	122	3	6
28	175	3	8
28	176	5	7
28	197	17	20
28	126	12	17
28	145	17	21
28	4	22	27
28	184	7	8
28	71	20	21
28	195	19	23
28	190	10	12
28	92	18	23
28	152	8	13
28	108	6	10
28	54	8	11
28	35	20	23
28	91	15	20
28	196	24	28
28	137	3	7
28	150	23	27
28	86	18	19
28	142	15	17
28	181	3	4
28	177	2	3
28	94	22	24
28	11	24	26
28	172	2	3
28	167	11	16
29	86	3	7
29	145	14	16
29	126	23	27
29	32	15	17
29	93	4	7
29	195	11	12
29	40	4	8
29	177	20	24
29	98	11	14
29	153	6	10
29	143	5	10
29	173	22	25
29	16	22	23
29	133	10	11
29	125	14	15
29	117	15	16
29	147	9	13
30	54	9	11
30	111	0	2
30	117	21	22
30	114	24	28
30	176	9	11
30	131	18	21
30	69	12	14
30	28	4	6
30	171	18	20
30	8	17	18
30	62	15	18
30	26	3	4
30	44	22	23
30	132	14	16
30	182	8	9
30	103	6	9
30	18	9	13
30	194	15	16
30	136	11	12
30	108	6	7
30	108	7	9
30	170	0	4
30	128	1	6
30	117	3	6
30	192	22	24
30	191	12	15
30	27	19	21
30	108	17	20
30	154	8	13
31	196	14	17
31	138	23	27
31	16	23	25
31	190	14	15
31	73	21	23
31	29	6	8
31	151	11	15
31	12	8	12
31	131	1	3
31	55	22	24
31	76	16	19
31	63	4	9
31	15	22	23
31	70	6	7
31	169	17	22
32	19	3	7
32	172	8	9
32	21	18	23
32	181	20	25
32	23	9	11
32	75	19	21
32	21	16	17
32	55	13	15
32	80	10	11
32	106	11	13
32	152	9	13
32	180	23	26
32	131	5	8
32	47	8	12
32	96	2	3
32	185	13	14
32	150	21	26
32	166	18	21
32	82	4	6
32	136	20	24
32	114	11	15
33	78	11	15
33	72	2	4
33	0	5	8
33	52	9	13
33	128	8	13
33	99	4	8
33	103	9	12
33	192	22	24
33	0	18	19
33	85	18	23
33	85	18	21
33	92	13	18
33	177	6	8
33	47	1	3
33	168	19	21
33	27	20	23
33	166	16	17
33	118	4	6
33	170	17	20
33	23	5	7
33	50	13	15
33	101	4	6
33	148	13	16
33	42	4	7
33	100	8	9
34	153	20	23
34	195	8	11
34	33	24	28
34	33	16	21
34	183	18	23
34	56	1	2
34	57	10	13
34	173	3	4
34	91	15	18
34	197	24	25
34	179	1	5
34	188	16	20
34	87	22	24
34	140	1	2
34	116	10	13
34	158	5	9
34	79	14	17
34	133	3	7
34	177	1	5
34	137	22	27
34	76	3	4
34	199	8	9
34	22	7	10
35	129	10	11
35	56	12	14
35	0	12	16
35	29	12	16
35	64	19	21
35	111	3	7
35	135	23	25
35	15	14	17
35	182	20	23
35	160	13	18
35	89	9	10
35	49	20	21
35	121	22	25
35	98	0	4
36	15	20	21
36	102	12	13
36	37	24	29
36	72	20	22
36	52	13	14
36	3	20	23
36	160	14	15
36	198	11	12
36	146	4	8
36	139	16	19
36	103	3	6
36	26	11	13
36	151	1	4
36	20	19	23
36	37	8	13
36	37	19	23
36	133	3	6
36	157	4	5
36	46	7	9
36	64	10	12
36	164	2	5
36	196	16	20
36	192	23	26
36	88	17	20
36	14	17	21
36	199	18	20
36	143	3	4
36	113	19	22
37	56	18	22
37	75	13	17
37	139	18	20
37	121	2	6
37	46	13	18
37	67	8	9
37	195	20	21
37	173	17	18
37	72	1	4
37	110	6	11
37	85	8	13
37	155	22	25
38	89	18	19
38	90	11	14
38	94	24	29
38	20	17	20
38	5	21	24
38	162	6	9
38	124	3	4
38	188	12	14
38	23	15	16
38	18	19	23
38	67	24	28
38	39	8	13
38	148	10	14
38	16	21	23
38	24	3	5
38	115	0	5
38	117	8	9
38	190	18	20
38	101	5	7
38	175	22	25
38	183	6	10
38	199	8	12
39	68	23	27
39	134	6	7
39	59	3	7
39	18	11	13
39	153	1	6
39	102	15	18
39	49	10	15
39	63	15	18
39	160	6	9
39	105	1	2
39	185	3	4
39	63	3	6
39	111	7	12
39	92	12	13
39	9	3	8
39	23	4	5
39	173	17	21
39	41	20	23
39	157	8	11
39	86	6	11
39	163	19	24
40	132	17	22
40	7	23	24
40	145	19	24
40	99	16	17
40	154	17	21
40	116	3	5
40	111	2	5
40	7	4	5
40	146	15	20
40	18	6	9
40	63	5	6
40	195	3	7
40	37	16	18
40	52	1	3
40	13	1	2
40	30	7	10
40	30	13	17
40	57	4	6
40	53	21	23
40	43	18	21
40	83	16	19
40	43	16	19
40	88	6	9
40	95	2	7
40	188	4	7
40	160	16	17
40	187	13	15
40	52	7	8
41	199	7	11
41	101	22	24
41	120	1	3
41	163	0	3
41	61	3	6
41	97	13	18
41	71	24	25
41	68	16	19
41	59	19	20
41	6	21	22
41	34	3	7
41	61	14	16
41	165	3	8
41	37	1	4
42	100	22	24
42	98	8	12
42	139	23	24
42	175	16	21
42	67	1	5
42	189	24	29
42	98	22	23
42	2	0	1
42	53	6	11
42	146	16	18
42	51	12	16
42	199	15	16
42	31	14	18
42	141	16	21
42	1	20	21
42	140	12	14
42	179	18	21
42	83	11	16
42	86	5	7
42	32	19	20
42	20	9	12
42	137	2	5
42	199	4	6
42	24	22	25
42	85	10	12
42	140	23	28
42	171	3	8
43	77	11	13
43	179	4	9
43	123	9	12
43	139	0	1
43	111	20	24
43	133	16	18
43	193	13	18
43	16	3	6
43	149	17	19
43	84	7	11
43	98	4	8
43	104	22	26
43	110	11	14
43	34	11	16
43	188	18	23
43	154	2	7
43	123	0	2
43	197	5	9
43	10	15	17
43	93	19	23
43	191	7	9
43	33	6	8
43	76	24	28
43	66	9	14
43	158	21	26
43	39	0	4
43	79	2	4
43	59	13	15
43	143	4	8
43	58	22	27
44	180	17	21
44	144	18	20
44	154	20	24
44	37	12	15
44	55	7	11
44	96	0	3
44	12	14	19
44	117	11	13
44	128	18	20
44	87	0	4
44	29	3	8
44	143	13	18
44	184	18	22
44	16	11	14
44	190	2	4
44	151	20	21
44	29	18	21
44	148	1	2
44	66	13	18
44	132	1	6
44	189	9	13
44	119	17	20
44	155	14	17
44	39	1	2
44	72	20	21
44	130	13	15
44	121	19	23
44	131	14	18
44	108	4	6
45	106	4	5
45	10	19	24
45	179	7	12
45	169	5	7
45	165	8	11
45	46	7	11
45	123	12	13
45	196	6	8
45	26	10	11
45	62	21	25
45	86	23	25
45	51	13	15
45	135	13	18
46	1	10	11
46	178	15	16
46	67	12	14
46	66	19	21
46	128	19	20
46	121	4	7
46	133	22	27
46	13	4	6
46	118	22	27
46	150	14	16
46	173	13	17
46	14	20	24
46	79	17	20
46	191	11	15
46	99	10	12
46	185	20	22
46	114	17	22
46	106	12	16
46	60	17	19
46	41	0	3
46	41	4	7
46	1	9	14
46	1	8	11
47	176	12	13
47	137	4	6
47	189	16	21
47	35	17	20
47	11	18	19
47	112	24	25
47	38	3	6
47	172	3	5
47	86	18	21
47	191	21	26
48	61	1	2
48	56	6	11
48	57	8	10
48	170	5	9
48	38	12	17
48	84	15	20
48	6	14	19
48	30	2	3
48	12	14	17
48	160	24	27
48	155	23	24
48	118	4	7
48	155	19	20
48	163	17	19
48	179	2	5
48	189	14	18
48	73	23	28
48	3	10	12
48	143	20	23
48	32	9	10
48	189	5	9
48	140	7	8
48	193	10	14
48	134	21	22
48	175	12	15
48	193	21	24
48	18	10	11
48	125	14	19
49	48	23	27
49	85	12	17
49	122	22	26
49	164	10	11
49	15	7	9
49	79	1	6
49	86	12	14
49	133	13	15
49	132	11	14
49	118	22	23
49	73	17	20
49	182	16	21
49	131	11	13
49	61	6	8
49	35	17	22
49	64	17	18
49	44	4	5
49	120	6	7
49	171	13	15
49	58	0	5
49	139	0	3
49	85	9	12
49	50	8	13
49	128	5	9
49	161	13	18
49	101	11	12
50	186	4	5
50	81	24	29
50	100	21	24
50	52	17	20
50	27	7	12
50	140	10	15
50	137	2	3
50	120	6	7
50	194	18	22
50	58	4	7
50	189	23	25
50	40	10	13
50	47	16	19
50	81	9	13
50	163	4	7
50	151	4	5
50	131	21	24
50	125	6	11
50	24	2	4
50	87	9	11
50	127	9	14
50	153	3	6
50	125	13	16
50	105	15	18
51	137	19	23
51	47	3	6
51	103	24	27
51	194	21	26
51	109	8	11
51	106	22	24
51	29	23	27
51	49	9	10
51	33	24	26
51	92	0	4
51	172	14	17
51	168	5	7
51	81	21	25
51	121	7	10
51	62	5	6
51	94	15	20
51	44	15	20
51	196	10	14
51	33	15	16
51	161	5	10
51	47	4	6
51	111	6	9
51	98	15	18
51	20	9	13
51	45	20	22
51	114	15	16
51	115	18	23
51	184	18	21
51	50	12	13
52	141	8	12
52	70	12	14
52	135	2	4
52	145	6	8
52	49	4	6
52	110	23	28
52	182	22	27
52	94	15	16
52	47	0	1
52	29	19	23
52	129	7	10
52	183	3	5
52	15	15	20
52	29	20	22
52	179	0	2
52	23	11	12
52	14	0	5
52	81	6	8
53	146	8	9
53	64	11	16
53	147	18	19
53	68	7	9
53	45	6	7
53	50	16	17
53	59	10	13
53	163	21	24
53	166	20	22
53	63	17	18
53	184	17	22
54	61	19	20
54	180	23	24
54	32	7	12
54	23	21	23
54	189	0	3
54	131	14	18
54	84	13	14
54	121	14	15
54	26	18	21
54	120	10	15
54	36	23	24
54	106	4	5
54	61	0	3
54	75	10	14
54	8	0	1
54	199	5	8
54	119	16	21
54	3	9	13
55	143	4	5
55	151	17	22
55	81	7	12
55	38	12	14
55	186	7	12
55	65	0	5
55	45	11	15
55	49	2	4
55	23	7	9
55	117	6	10
55	101	12	13
55	36	3	4
55	187	16	20
55	60	16	21
55	160	22	23
55	77	20	24
55	197	9	13
55	73	11	15
55	33	12	15
55	17	12	15
55	116	1	4
55	76	10	15
55	49	6	7
55	54	14	17
55	150	6	7
55	70	15	16
55	48	16	18
55	180	20	24
55	82	19	23
55	120	17	22
56	195	22	27
56	175	0	1
56	83	9	12
56	140	13	15
56	33	4	6
56	85	6	10
56	154	24	29
56	100	24	29
56	134	8	11
56	193	17	21
56	53	9	12
56	6	21	25
56	175	2	4
56	50	6	10
56	25	22	25
56	105	3	6
56	41	0	2
56	52	15	17
56	155	15	17
56	134	15	19
56	53	0	1
56	192	19	24
57	78	14	19
57	68	18	22
57	153	8	10
57	141	17	20
57	3	20	25
57	101	4	6
57	98	6	8
57	41	13	14
57	173	24	27
57	101	15	16
57	75	6	7
57	148	1	6
57	145	10	14
57	158	10	14
57	113	12	15
57	25	18	19
57	174	0	2
57	109	20	21
57	73	9	11
57	152	4	9
57	191	3	6
57	194	7	10
57	180	14	15
57	66	20	25
57	156	15	16
57	98	7	11
57	118	12	13
57	131	7	12
57	123	19	20
57	84	4	7
58	195	19	23
58	59	24	27
58	48	4	7
58	31	9	11
58	115	9	11
58	139	1	4
58	145	10	14
58	193	13	16
58	12	0	4
58	17	23	28
58	27	7	12
58	24	0	2
58	88	21	26
58	12	15	16
58	23	22	27
59	166	11	15
59	117	17	18
59	154	4	7
59	99	15	19
59	8	16	17
59	46	6	11
59	94	23	28
59	5	18	20
59	199	14	16
59	95	24	26
59	105	2	7
59	192	15	17
59	168	16	21
59	124	14	18
59	162	23	25
60	39	12	15
60	157	0	1
60	118	21	25
60	4	6	11
60	29	24	25
60	51	1	2
60	96	6	10
60	139	23	24
60	118	3	7
60	0	4	6
60	177	7	12
60	141	9	13
60	143	6	9
60	58	7	12
60	11	23	28
60	87	2	6
60	1	7	10
60	154	14	18
60	77	8	12
60	89	10	13
60	165	15	18
61	133	8	11
61	68	23	27
61	113	9	14
61	15	3	4
61	99	12	13
61	76	24	26
61	52	16	18
61	141	0	2
61	131	16	19
61	135	23	25
61	70	2	3
61	121	8	11
61	16	24	25
61	127	2	7
61	191	23	25
61	99	13	16
61	46	16	21
61	131	9	12
61	176	1	3
61	64	9	14
61	104	7	9
61	1	21	22
61	76	0	3
61	128	14	18
61	65	10	14
62	107	15	17
62	165	23	28
62	23	10	12
62	198	18	20
62	189	0	4
62	144	9	11
62	64	16	21
62	80	18	23
62	42	12	13
62	57	15	16
62	194	18	23
62	49	11	12
62	47	20	22
62	85	7	12
62	171	1	2
62	160	4	9
62	84	21	23
62	198	7	8
62	141	8	12
62	82	13	18
62	105	15	16
62	138	16	18
62	134	11	13
62	111	6	8
62	58	11	12
62	180	16	21
63	136	13	14
63	59	19	24
63	14	20	24
63	46	10	11
63	105	19	21
63	181	10	13
63	8	20	25
63	29	19	20
63	136	13	16
63	148	17	22
63	44	5	10
63	133	14	15
63	32	23	28
63	198	23	24
63	154	13	18
63	108	11	16
63	54	4	7
63	138	4	8
63	147	3	4
63	47	11	12
63	150	10	14
63	44	13	17
64	7	22	27
64	132	14	16
64	175	5	6
64	38	14	17
64	103	9	11
64	94	24	29
64	12	10	15
64	131	0	1
64	55	10	12
64	135	6	11
64	6	22	27
64	134	12	13
64	6	23	26
64	57	4	9
65	107	12	14
65	58	4	7
65	54	4	6
65	152	9	14
65	60	4	6
65	21	10	14
65	64	17	19
65	52	21	26
65	158	4	8
65	74	9	10
66	71	13	17
66	117	21	25
66	79	16	19
66	48	10	14
66	73	12	16
66	108	15	16
66	82	2	4
66	26	23	24
66	43	22	23
66	173	2	5
66	15	16	17
66	73	2	5
66	108	17	20
67	19	5	7
67	94	24	25
67	42	22	23
67	96	6	8
67	38	23	24
67	145	2	4
67	15	23	27
67	58	22	27
67	141	20	21
67	177	8	13
67	159	24	27
67	123	13	15
67	11	20	23
67	70	2	3
68	34	23	28
68	128	17	18
68	85	8	9
68	4	10	14
68	119	22	24
68	72	7	8
68	94	20	23
68	72	16	20
68	155	11	16
68	119	7	11
68	187	10	13
68	121	13	15
68	110	14	19
68	153	12	17
68	33	21	24
68	72	19	24
68	190	13	18
68	93	14	16
68	195	19	21
68	126	19	21
68	159	3	6
68	89	11	15
68	33	5	10
68	93	10	15
68	9	24	27
68	159	21	23
68	29	10	13
68	107	6	10
68	53	16	20
69	77	22	24
69	121	4	7
69	60	12	13
69	161	10	12
69	134	12	14
69	17	9	13
69	161	13	18
69	65	12	13
69	102	12	16
69	175	13	17
69	191	11	16
69	137	12	13
69	57	1	4
69	105	15	19
69	185	7	11
69	19	11	13
69	180	2	5
69	158	16	17
69	98	4	5
69	117	13	16
69	139	3	6
69	119	6	10
69	143	16	18
69	122	15	18
70	109	1	6
70	151	1	5
70	68	23	26
70	30	17	20
70	105	10	15
70	124	0	3
70	181	24	25
70	174	19	23
70	164	0	5
70	92	8	13
70	192	16	20
70	153	1	2
70	146	4	9
70	9	24	28
70	66	24	26
70	146	16	20
71	178	23	27
71	147	16	17
71	154	24	25
71	107	5	6
71	10	1	2
71	38	22	23
71	108	14	16
71	25	5	7
71	58	10	14
71	176	17	20
71	157	22	26
71	131	6	11
71	36	0	5
71	118	19	21
71	97	16	17
72	130	2	4
72	114	18	21
72	18	8	11
72	63	5	9
72	59	21	26
72	33	11	12
72	110	14	19
72	83	5	10
72	16	11	12
72	65	2	5
73	39	20	25
73	22	8	10
73	149	1	4
73	63	3	5
73	40	6	11
73	101	24	26
73	111	1	3
73	6	3	6
73	75	23	25
73	30	17	20
73	139	16	21
73	7	1	4
73	126	15	19
73	32	2	4
73	105	0	2
73	113	0	4
73	35	22	23
73	17	2	4
73	67	8	9
73	107	22	26
73	89	12	17
73	41	3	8
73	182	5	7
73	38	16	19
73	55	1	2
74	16	8	11
74	30	21	24
74	95	18	21
74	174	22	27
74	117	20	22
74	126	23	27
74	185	1	3
74	136	21	23
74	120	7	11
74	116	19	22
74	150	16	20
74	59	9	11
74	170	16	17
74	153	15	17
74	173	9	14
74	50	7	10
74	174	2	3
74	161	16	19
74	105	8	10
74	91	9	11
75	177	13	17
75	90	24	26
75	137	14	16
75	148	14	19
75	6	0	1
75	72	20	24
75	174	19	20
75	69	3	5
75	111	23	26
75	154	11	16
75	56	19	24
75	145	14	18
75	46	9	12
75	193	21	25
75	79	11	13
75	14	19	23
75	43	22	25
75	59	13	18
75	143	12	16
75	48	3	5
75	33	2	7
75	96	20	22
75	199	18	22
75	106	0	3
75	126	2	5
75	53	7	10
76	86	4	8
76	37	10	12
76	38	5	8
76	89	21	22
76	124	21	24
76	116	13	17
76	158	11	14
76	26	14	17
76	153	22	26
76	183	11	16
76	154	14	17
76	45	15	20
76	44	10	14
76	98	19	24
76	130	14	18
76	25	19	21
76	61	1	5
76	101	6	10
76	152	3	8
76	44	23	28
76	13	0	3
76	71	23	25
76	64	20	22
77	164	14	16
77	107	2	4
77	141	1	6
77	8	4	5
77	58	17	19
77	87	14	19
77	193	15	17
77	107	4	5
77	155	24	27
77	13	21	26
77	62	13	15
77	87	7	8
77	38	20	25
77	150	4	7
77	92	8	11
77	30	24	27
77	138	1	4
77	6	7	12
77	114	8	13
77	188	17	19
77	119	12	15
77	168	20	24
77	29	7	10
77	111	17	18
77	68	24	29
77	186	11	13
77	45	22	25
77	80	9	13
77	94	19	20
77	162	9	10
78	70	12	17
78	1	1	6
78	72	10	14
78	57	12	14
78	191	16	20
78	100	6	10
78	188	3	7
78	172	22	25
78	69	4	9
78	20	15	19
78	20	16	21
78	128	10	11
79	138	5	7
79	194	8	12
79	43	18	20
79	110	18	19
79	12	16	17
79	34	0	1
79	65	17	21
79	88	3	8
79	133	0	1
79	59	9	10
79	184	15	17
79	117	10	15
79	17	8	13
79	193	12	16
79	159	10	12
79	149	5	8
79	127	11	15
79	9	8	10
79	179	2	6
79	11	20	22
79	167	0	4
79	10	23	26
79	10	15	18
79	118	20	25
80	67	21	26
80	35	23	26
80	13	16	19
80	194	0	2
80	17	11	16
80	95	22	27
80	64	4	7
80	191	23	27
80	73	10	11
80	73	20	25
80	90	21	22
80	61	9	13
80	91	11	12
80	129	12	14
80	108	19	20
81	141	7	9
81	84	17	18
81	142	18	21
81	23	11	13
81	121	11	14
81	102	7	8
81	130	5	7
81	116	17	19
81	137	8	10
81	94	11	16
82	138	24	27
82	133	12	16
82	157	10	15
82	178	10	11
82	78	11	16
82	33	13	14
82	48	24	25
82	35	6	10
82	130	7	10
82	116	21	25
82	186	11	12
82	41	8	10
82	96	11	15
82	152	18	20
82	104	13	16
82	86	19	24
82	169	19	23
82	129	24	26
82	136	17	20
82	121	18	20
82	47	23	27
82	11	19	24
82	111	7	11
82	50	17	20
82	60	19	20
82	197	18	23
82	155	3	5
83	51	22	23
83	66	5	6
83	8	11	12
83	193	21	26
83	112	12	13
83	65	21	23
83	74	3	8
83	198	21	22
83	88	3	7
83	178	10	12
84	147	18	20
84	39	6	9
84	61	23	27
84	180	14	16
84	24	0	4
84	63	14	18
84	151	10	14
84	194	3	4
84	31	12	14
84	41	17	19
84	72	14	19
84	169	12	17
84	47	16	17
85	190	9	12
85	26	18	19
85	128	10	15
85	37	17	18
85	119	0	4
85	56	4	8
85	48	15	17
85	106	18	21
85	87	3	7
85	39	16	19
85	7	12	13
85	157	6	9
86	5	0	3
86	3	18	19
86	64	20	24
86	30	2	7
86	43	24	27
86	175	10	14
86	59	18	19
86	93	3	5
86	193	14	18
86	13	5	8
86	138	22	26
86	59	18	23
86	138	2	5
86	81	21	22
86	42	13	14
86	97	15	16
86	96	5	9
86	124	0	3
86	119	10	13
86	21	6	11
86	84	22	27
86	189	4	5
87	102	24	29
87	64	5	7
87	106	18	21
87	181	14	15
87	30	20	24
87	97	18	23
87	162	3	8
87	40	12	15
87	111	18	20
87	11	3	6
87	177	13	17
87	1	3	8
87	167	2	3
87	194	13	18
87	24	7	10
87	184	14	17
87	146	12	15
87	9	11	13
87	181	14	18
87	75	24	29
88	110	8	11
88	160	20	21
88	6	16	21
88	157	16	20
88	146	22	26
88	66	1	3
88	66	13	16
88	33	17	19
88	110	9	14
88	61	21	25
88	31	3	6
88	78	10	14
88	142	1	6
88	15	0	3
88	134	17	21
88	65	22	24
88	141	21	26
88	122	14	16
88	55	21	22
88	150	21	23
88	124	24	27
89	146	12	17
89	50	13	15
89	159	3	5
89	166	20	23
89	76	6	9
89	149	1	2
89	12	7	12
89	161	2	5
89	144	11	16
89	191	8	13
89	81	0	2
89	80	7	11
89	81	0	4
89	160	11	16
89	9	1	6
89	97	18	21
89	156	22	27
89	181	16	17
89	50	10	13
90	30	5	9
90	193	15	17
90	151	11	15
90	29	11	14
90	103	10	12
90	141	3	6
90	187	20	21
90	140	3	7
90	4	1	6
90	115	16	17
90	146	17	21
90	114	8	9
90	187	10	12
90	170	5	10
90	91	11	14
90	195	5	10
90	121	15	16
90	48	12	16
90	78	0	4
90	42	0	1
90	53	6	7
90	176	19	21
90	165	19	20
91	143	6	11
91	3	12	13
91	165	7	11
91	150	15	16
91	34	15	17
91	164	24	28
91	56	17	19
91	50	17	19
91	79	24	28
91	30	9	11
91	107	10	15
91	69	1	4
91	13	15	17
91	52	15	20
91	166	0	2
91	67	21	24
91	147	15	17
91	6	0	5
91	196	13	15
91	100	4	9
91	79	11	13
91	167	0	1
91	152	1	6
91	26	20	22
91	111	3	7
91	114	15	20
91	124	1	5
92	116	22	23
92	165	1	3
92	33	9	10
92	113	23	28
92	93	15	18
92	35	15	17
92	11	22	23
92	195	11	16
92	72	0	3
92	167	10	14
92	116	22	23
92	10	21	22
92	186	10	15
92	156	18	22
93	23	14	17
93	34	24	25
93	133	17	20
93	123	24	27
93	91	10	12
93	142	2	3
93	109	24	28
93	8	2	4
93	180	11	16
93	82	17	22
93	46	3	5
93	63	7	9
93	172	12	15
93	124	1	4
93	118	2	7
93	71	21	22
93	50	24	27
93	128	15	20
93	173	10	12
93	35	9	13
93	32	0	5
93	31	20	25
93	119	1	6
93	20	17	20
93	198	22	27
93	69	1	3
93	26	13	16
94	167	24	26
94	18	3	8
94	47	7	12
94	10	3	7
94	69	20	21
94	114	10	13
94	115	3	7
94	48	16	20
94	136	1	6
94	49	15	18
94	68	15	20
94	175	12	14
94	110	8	13
94	126	1	2
94	135	18	23
94	41	20	23
94	143	23	28
94	104	7	11
94	59	19	21
95	62	23	26
95	47	14	16
95	155	5	6
95	60	18	22
95	32	7	11
95	34	1	3
95	158	20	23
95	172	1	6
95	135	1	5
95	92	11	13
95	67	8	13
95	191	14	15
95	44	10	11
95	30	17	20
95	19	13	14
95	103	15	20
95	73	16	21
96	100	13	18
96	144	12	16
96	163	15	18
96	21	11	15
96	140	8	9
96	175	0	1
96	173	11	13
96	60	5	6
96	199	3	6
96	43	16	18
96	5	1	2
96	15	4	5
96	46	19	22
96	141	10	11
96	157	6	8
96	80	0	4
96	39	4	9
96	16	5	8
96	160	5	7
96	86	7	9
96	46	7	11
96	101	20	22
96	195	15	16
96	83	5	7
97	73	14	17
97	49	4	7
97	106	14	16
97	6	13	14
97	184	24	26
97	19	22	26
97	56	3	4
97	59	24	27
97	24	3	4
97	184	6	11
97	14	9	11
97	99	8	10
97	15	16	21
97	117	19	21
97	174	16	19
97	76	17	18
97	153	8	11
97	126	7	11
97	103	13	15
97	162	0	5
97	183	7	11
97	85	13	18
97	183	3	4
97	28	13	15
97	91	24	28
97	73	5	10
97	185	19	21
97	106	1	5
98	147	8	13
98	114	19	23
98	188	24	29
98	67	12	13
98	143	15	16
98	179	17	18
98	179	10	12
98	87	13	15
98	196	4	8
98	119	9	11
99	170	5	6
99	94	9	11
99	193	20	21
99	28	6	11
99	113	9	10
99	132	18	19
99	150	11	14
99	89	19	23
99	161	12	16
99	163	9	10
99	184	11	14
99	11	12	13
99	8	18	20
99	191	21	26
99	103	19	24
99	84	17	22
100	158	4	8
100	44	17	20
100	72	9	12
100	78	11	13
100	172	21	26
100	131	17	22
100	79	8	13
100	66	18	23
100	114	12	16
100	153	10	14
100	168	24	25
100	44	4	5
100	106	4	5
100	40	12	16
101	146	8	11
101	31	1	4
101	91	1	3
101	81	8	10
101	171	4	8
101	11	22	26
101	11	18	19
101	198	7	8
101	166	16	17
101	139	22	25
101	19	13	16
101	141	17	19
101	65	23	28
101	30	4	7
101	0	12	16
101	34	12	16
102	25	13	18
102	115	22	23
102	187	8	9
102	82	9	13
102	176	14	16
102	171	4	5
102	115	23	24
102	161	15	18
102	184	17	18
102	103	13	14
102	23	7	9
102	168	24	28
102	103	4	8
102	183	9	14
102	110	21	24
102	6	5	6
102	70	3	7
102	189	13	17
102	122	5	10
102	172	4	5
102	163	3	4
102	72	14	17
102	92	4	8
102	112	23	25
102	127	15	16
102	19	20	24
103	147	17	22
103	157	9	10
103	119	7	10
103	65	14	19
103	187	20	23
103	197	8	13
103	196	10	15
103	184	18	19
103	114	24	28
103	74	19	20
103	7	2	4
103	22	16	20
103	121	0	5
103	121	19	23
103	60	0	4
103	34	8	9
103	102	5	7
103	160	17	20
103	109	16	17
103	163	5	8
103	35	6	10
103	130	24	28
103	105	13	16
103	28	16	20
103	34	9	13
103	147	7	11
104	75	6	10
104	186	22	23
104	123	17	20
104	160	2	7
104	195	23	28
104	186	18	21
104	88	21	24
104	82	5	9
104	21	22	27
104	146	8	9
104	155	24	28
104	111	22	24
105	96	23	27
105	182	7	9
105	109	23	24
105	104	18	21
105	32	6	10
105	21	20	23
105	51	7	12
105	146	16	17
105	148	16	21
105	36	20	25
105	142	15	20
105	179	0	5
105	20	11	15
105	170	6	10
105	47	15	17
106	191	11	16
106	90	18	22
106	161	2	4
106	196	1	4
106	147	3	7
106	182	16	17
106	141	21	26
106	146	7	8
106	190	3	7
106	173	14	19
106	138	2	7
106	74	1	5
106	93	12	14
106	188	4	6
106	173	7	12
107	111	2	5
107	94	17	22
107	68	20	24
107	48	17	22
107	108	22	23
107	38	11	14
107	137	19	22
107	174	21	23
107	84	15	19
107	117	18	20
107	158	5	7
107	92	23	28
107	64	0	5
107	62	4	9
108	191	7	10
108	98	3	8
108	146	20	22
108	110	20	25
108	196	10	13
108	76	8	9
108	183	20	22
108	17	4	7
108	21	7	8
108	129	4	7
108	121	8	11
108	199	12	13
108	4	11	14
108	31	15	20
108	34	8	9
108	18	21	24
108	4	16	18
108	79	14	18
108	104	5	7
108	66	19	24
108	15	6	7
108	159	12	15
108	101	0	5
108	156	24	27
108	58	6	10
108	13	7	10
108	117	10	13
108	27	23	24
109	59	4	7
109	55	3	4
109	84	12	16
109	171	2	6
109	73	14	19
109	133	13	14
109	83	2	4
109	158	9	14
109	65	7	9
109	138	19	21
109	131	17	20
109	23	5	9
109	172	16	18
109	34	5	10
109	30	3	8
109	42	3	4
109	68	4	6
109	29	0	2
109	148	21	23
109	77	6	7
109	181	21	26
109	139	8	11
109	111	7	10
109	4	0	5
109	189	11	13
109	107	13	16
109	94	16	19
109	25	14	18
110	136	15	16
110	123	2	5
110	49	0	1
110	148	1	5
110	151	13	14
110	123	11	12
110	184	14	17
110	63	2	7
110	133	23	27
110	107	6	7
110	31	23	25
110	175	13	14
110	99	6	11
110	192	12	15
110	180	17	22
110	172	17	21
110	198	8	13
110	72	2	4
110	0	23	27
110	149	10	15
110	152	11	12
110	96	7	10
110	131	9	12
110	65	15	17
110	174	17	18
110	152	15	16
110	39	21	22
111	43	9	14
111	5	6	7
111	36	0	4
111	20	8	10
111	158	22	24
111	149	19	24
111	108	3	5
111	188	1	2
111	17	1	2
111	70	2	7
111	24	6	10
111	43	4	5
111	27	3	4
111	66	6	10
111	197	17	19
111	100	10	11
111	33	12	14
111	168	2	5
111	178	1	5
111	55	14	15
111	53	22	26
112	70	24	25
112	27	20	24
112	29	0	5
112	149	20	25
112	85	17	20
112	14	22	23
112	183	4	6
112	78	2	6
112	178	8	13
112	47	4	9
112	170	11	16
112	91	17	22
112	16	6	8
112	106	22	24
112	72	14	15
112	117	21	26
112	10	14	16
112	166	7	12
112	45	20	22
112	114	11	12
112	70	16	17
112	172	15	18
112	23	16	19
112	62	0	3
113	102	1	4
113	87	1	5
113	192	18	23
113	60	23	28
113	36	14	15
113	152	3	6
113	40	4	8
113	170	12	15
113	82	16	18
113	73	1	4
113	33	10	15
113	147	24	29
113	128	7	9
113	77	19	22
113	150	8	9
113	141	7	10
113	169	24	26
113	166	8	12
113	36	2	7
114	18	22	25
114	102	18	23
114	183	10	14
114	115	9	11
114	132	9	11
114	69	9	14
114	15	6	8
114	1	4	5
114	101	14	18
114	123	21	23
114	50	2	5
114	131	9	14
114	75	3	6
114	115	2	6
114	130	10	13
114	120	13	18
115	69	14	18
115	105	8	11
115	74	16	17
115	147	23	25
115	197	7	11
115	199	3	6
115	137	23	28
115	108	16	18
115	183	1	5
115	85	18	20
115	136	15	19
115	172	16	17
115	49	10	13
115	196	14	17
115	93	11	15
115	57	2	6
115	29	1	3
115	112	4	5
115	52	14	19
115	102	8	11
115	145	14	16
115	153	18	23
115	130	1	6
115	90	12	13
115	122	14	16
115	172	7	8
115	118	15	19
115	4	11	13
115	17	15	19
116	20	21	22
116	162	4	6
116	139	15	20
116	109	22	25
116	156	17	22
116	185	3	5
116	38	8	10
116	178	2	4
116	187	19	24
116	108	23	27
116	158	15	18
116	77	10	11
116	75	17	21
116	73	17	22
116	181	11	13
116	145	12	17
116	137	12	13
116	92	3	8
117	101	4	9
117	130	1	3
117	134	16	21
117	153	2	3
117	91	21	22
117	178	6	8
117	157	14	15
117	153	6	10
117	6	22	25
117	6	14	18
117	57	9	13
117	169	18	19
117	13	22	26
117	47	15	17
117	4	18	19
117	196	10	11
117	169	16	21
117	195	8	12
117	186	12	16
117	84	19	20
118	194	2	5
118	197	21	24
118	148	9	10
118	56	3	7
118	116	8	10
118	71	12	16
118	16	18	23
118	156	6	7
118	2	17	19
118	80	5	8
118	149	22	23
118	136	23	26
118	62	17	22
118	89	7	12
118	124	23	25
118	83	1	6
118	49	11	14
118	21	5	6
118	6	8	11
119	5	16	20
119	196	6	9
119	38	5	9
119	131	8	13
119	180	1	3
119	62	22	23
119	145	0	5
119	153	15	16
119	167	16	17
119	116	6	9
119	91	20	24
119	43	8	10
119	123	3	5
119	85	9	10
119	136	11	16
119	133	9	12
119	6	3	8
119	137	3	8
120	173	20	22
120	173	10	11
120	174	13	15
120	108	22	25
120	73	11	12
120	12	16	17
120	69	19	20
120	48	14	16
120	5	0	1
120	24	22	25
120	121	18	22
120	84	22	27
120	181	0	4
120	195	6	7
120	42	4	7
120	191	16	21
120	4	20	25
120	85	13	17
120	95	12	15
120	62	3	7
120	23	20	23
120	156	18	23
120	93	17	21
120	144	15	20
120	141	21	24
120	145	14	15
121	47	4	6
121	0	1	3
121	117	19	21
121	102	20	24
121	193	2	4
121	93	8	10
121	97	4	8
121	77	6	9
121	67	18	22
121	119	2	7
121	107	18	22
122	124	21	23
122	102	6	11
122	99	23	24
122	171	9	10
122	95	21	22
122	57	7	9
122	28	19	22
122	72	23	26
122	44	0	3
122	18	16	20
122	15	6	11
122	146	20	23
122	116	13	16
122	132	22	25
122	53	9	11
122	107	17	20
122	135	21	22
122	164	7	9
122	30	23	25
122	55	10	15
122	147	18	21
122	128	3	6
122	84	6	8
122	24	3	4
122	41	16	17
122	17	19	21
122	145	12	15
122	187	7	10
123	121	11	13
123	80	8	13
123	153	8	9
123	38	18	23
123	188	18	19
123	16	19	21
123	199	14	16
123	72	7	9
123	64	13	16
123	51	7	9
123	146	18	21
123	80	6	9
123	3	2	4
123	101	19	22
123	86	7	10
123	189	13	15
123	23	10	13
123	194	8	11
123	68	15	19
123	52	14	19
123	54	19	20
123	151	23	24
123	134	22	23
123	69	20	22
124	162	21	25
124	199	15	17
124	141	22	25
124	7	20	21
124	106	19	23
124	137	16	20
124	32	13	14
124	176	23	24
124	170	22	25
124	196	21	26
124	110	8	13
124	155	16	17
124	149	20	23
124	49	6	9
124	199	24	27
124	158	10	14
124	175	15	19
124	67	20	22
124	135	22	23
124	63	10	13
124	37	7	8
124	103	7	12
125	49	3	4
125	8	3	4
125	186	4	7
125	156	8	10
125	68	23	26
125	91	14	17
125	3	1	5
125	66	20	24
125	137	5	9
125	78	18	20
125	133	2	5
125	35	6	7
125	66	0	3
125	113	15	19
125	50	16	17
125	126	0	4
125	48	9	12
125	133	20	22
125	198	21	22
125	74	18	19
125	128	14	15
125	79	21	22
126	175	11	12
126	111	10	13
126	25	22	26
126	59	11	14
126	62	17	19
126	22	20	25
126	37	3	8
126	42	12	17
126	97	15	19
126	48	16	19
126	33	9	11
126	42	6	8
126	182	19	23
126	184	7	11
126	50	8	13
126	124	22	27
126	31	6	8
126	134	24	25
126	120	18	20
126	27	18	22
126	31	6	7
126	182	7	9
126	192	12	13
126	190	2	6
126	61	3	6
126	66	24	27
126	55	9	12
126	116	16	19
126	136	0	5
126	8	9	13
127	186	24	28
127	24	5	9
127	40	6	7
127	3	24	26
127	52	23	25
127	175	18	19
127	103	21	24
127	128	8	12
127	76	9	10
127	78	4	7
127	41	9	14
127	191	9	14
127	41	2	6
127	53	11	14
127	86	23	24
127	128	18	21
127	32	9	11
127	159	12	14
127	148	15	19
127	134	9	10
127	113	11	14
127	38	8	13
127	91	14	15
127	129	7	11
127	113	5	7
127	182	11	14
127	22	10	14
128	84	22	23
128	129	9	12
128	41	19	24
128	47	12	13
128	168	16	17
128	42	22	24
128	4	20	23
128	89	4	6
128	98	16	20
128	19	12	17
128	64	15	19
128	161	22	25
128	24	23	28
128	149	3	6
128	144	23	28
128	16	23	25
128	117	5	7
128	84	3	8
128	90	16	21
128	187	20	23
128	91	11	13
128	71	17	22
128	77	19	21
128	135	3	8
128	40	0	2
128	110	3	5
129	54	22	24
129	69	20	21
129	108	9	13
129	18	5	7
129	17	14	15
129	168	15	20
129	101	8	9
129	175	6	9
129	136	10	11
129	73	10	12
129	92	9	14
129	119	12	13
129	158	13	14
129	167	19	20
129	94	9	13
129	51	23	25
130	136	1	6
130	63	15	20
130	161	7	11
130	36	4	5
130	139	23	28
130	107	16	21
130	160	15	17
130	11	12	16
130	136	18	21
130	109	3	7
130	182	3	5
130	150	5	6
130	48	23	28
130	38	6	7
130	198	1	2
130	173	9	14
130	4	1	6
130	82	3	5
130	84	11	15
130	151	21	22
130	33	13	18
130	160	18	19
130	79	5	9
130	38	14	16
130	44	16	19
130	150	1	3
130	71	9	13
131	68	11	16
131	10	22	23
131	161	23	26
131	109	19	23
131	193	20	23
131	149	18	19
131	23	13	18
131	69	22	27
131	15	0	3
131	31	2	6
132	38	19	24
132	131	17	19
132	62	17	19
132	141	8	13
132	55	20	25
132	190	13	18
132	59	20	22
132	111	7	10
132	40	22	25
132	158	13	16
132	7	19	20
132	0	20	24
132	125	22	23
132	184	4	6
132	184	11	13
132	101	23	26
132	80	10	15
132	124	5	10
132	178	16	17
132	68	19	21
132	102	7	9
133	193	5	8
133	175	22	26
133	45	10	15
133	76	18	19
133	93	16	21
133	64	5	9
133	157	10	13
133	199	23	26
133	144	15	20
133	169	20	22
133	77	11	15
133	103	21	24
133	92	4	9
133	17	17	20
133	41	17	19
133	24	15	20
133	5	15	20
133	21	0	5
133	109	15	18
133	172	24	25
133	106	20	24
133	136	1	6
133	56	12	17
133	79	6	8
133	53	2	6
133	80	9	14
133	100	20	22
133	154	22	25
134	113	15	17
134	12	14	19
134	126	17	21
134	169	4	8
134	78	8	9
134	74	19	21
134	44	20	22
134	164	5	10
134	136	9	14
134	164	13	18
134	11	19	23
134	2	1	5
134	143	11	14
134	153	22	27
134	156	5	8
134	102	24	27
134	25	2	6
134	165	8	11
134	44	10	13
134	190	13	17
134	113	3	4
134	185	1	4
134	135	15	19
134	150	22	27
134	139	0	2
134	53	10	14
134	109	23	27
134	88	2	5
134	185	3	6
134	90	22	27
135	56	12	17
135	192	20	21
135	21	16	18
135	115	7	11
135	151	20	25
135	96	19	22
135	28	21	26
135	103	24	29
135	182	15	19
135	7	11	15
136	149	14	17
136	121	1	6
136	25	13	17
136	121	10	14
136	197	4	8
136	22	16	17
136	8	13	17
136	19	6	11
136	190	20	24
136	85	9	12
136	76	10	12
136	124	13	18
136	194	4	7
136	7	10	15
136	64	13	14
136	110	4	9
136	9	4	7
136	182	8	13
136	56	17	20
136	152	10	14
136	108	7	9
137	54	22	26
137	176	12	13
137	97	12	14
137	9	10	11
137	11	24	25
137	140	8	10
137	125	6	8
137	187	22	27
137	9	16	21
137	130	11	12
138	0	23	27
138	83	8	10
138	14	23	28
138	185	18	21
138	100	15	19
138	62	22	25
138	55	12	13
138	104	19	20
138	22	18	21
138	25	12	16
138	187	17	19
138	76	17	19
138	54	1	4
138	195	6	10
138	61	18	20
138	25	14	17
138	131	6	10
138	97	10	12
138	43	16	18
138	19	16	17
138	7	7	12
138	104	20	24
138	46	1	3
139	197	3	6
139	31	13	15
139	195	5	6
139	58	23	26
139	54	14	18
139	150	21	24
139	23	10	13
139	125	17	20
139	187	22	27
139	136	11	15
139	154	14	19
139	73	22	23
139	65	13	15
139	186	23	25
139	165	9	11
139	100	17	19
139	137	6	9
139	24	21	26
139	82	23	28
139	45	15	18
139	75	16	20
139	147	12	16
139	177	12	16
139	51	14	17
139	27	9	11
139	56	20	23
139	114	9	14
139	19	0	1
139	68	9	12
139	110	5	6
140	137	23	24
140	39	13	14
140	41	14	15
140	13	6	7
140	58	5	10
140	15	2	6
140	83	18	20
140	54	1	4
140	96	1	4
140	68	8	10
140	107	1	5
140	72	2	4
140	12	23	24
140	9	0	5
140	162	15	20
140	173	5	6
140	43	1	4
140	45	4	5
140	49	22	26
140	50	9	14
141	124	5	10
141	198	10	13
141	124	14	19
141	177	15	18
141	182	3	6
141	76	17	21
141	194	20	22
141	32	5	6
141	157	14	16
141	191	19	23
141	53	5	8
141	30	0	2
141	11	8	13
141	186	13	18
141	13	24	25
141	143	6	10
141	122	24	29
141	4	14	17
141	182	17	18
141	184	18	22
142	28	23	28
142	146	8	10
142	95	22	23
142	91	13	15
142	46	15	16
142	199	9	12
142	91	21	22
142	197	9	12
142	146	14	15
142	69	3	7
142	172	23	26
142	177	3	5
142	6	6	8
142	134	5	6
142	76	7	8
142	45	13	16
142	50	11	14
142	75	2	6
142	151	10	14
142	46	17	20
142	166	7	9
142	92	7	12
142	107	13	16
143	1	0	3
143	188	3	4
143	152	0	5
143	93	16	17
143	142	10	11
143	77	10	15
143	142	22	24
143	27	12	16
143	40	0	2
143	94	24	29
143	1	22	24
144	153	2	6
144	146	18	23
144	89	7	10
144	193	2	5
144	132	15	19
144	135	5	7
144	167	16	21
144	9	22	26
144	161	19	22
144	180	3	8
144	166	19	22
144	141	12	16
145	122	23	24
145	162	19	24
145	173	10	15
145	128	10	15
145	91	4	5
145	116	16	21
145	10	19	20
145	182	14	18
145	67	12	17
145	173	12	14
145	70	16	19
145	58	18	19
145	128	5	10
145	52	15	18
145	172	6	9
145	141	4	9
145	123	15	19
145	91	12	14
145	146	23	27
145	193	12	17
145	161	18	21
146	199	5	6
146	40	12	15
146	143	15	20
146	91	8	10
146	140	2	5
146	115	21	24
146	189	13	15
146	56	20	21
146	54	4	7
146	144	16	17
146	83	18	23
146	12	9	12
146	27	0	1
146	63	0	5
146	147	14	17
146	13	19	20
146	94	9	11
146	35	12	15
146	24	8	12
146	96	4	5
146	117	14	18
147	133	2	4
147	158	7	10
147	76	7	10
147	28	2	7
147	35	24	28
147	129	0	1
147	198	12	14
147	195	24	29
147	197	15	18
147	141	22	24
147	118	22	27
147	91	21	22
147	15	9	13
147	107	24	26
147	98	6	11
147	41	24	27
147	116	13	15
147	179	12	16
147	46	21	24
147	75	7	9
147	92	9	11
148	4	3	8
148	50	9	14
148	53	1	6
148	78	12	16
148	169	0	1
148	23	16	20
148	169	14	19
148	41	23	25
148	135	6	7
148	185	1	6
148	52	4	8
148	19	12	14
148	26	17	21
148	12	9	12
148	78	22	25
148	155	10	12
148	166	19	23
148	166	0	2
148	2	2	4
148	85	24	25
149	52	16	21
149	103	3	7
149	54	15	19
149	62	18	23
149	109	8	11
149	1	7	11
149	71	13	17
149	188	14	16
149	90	7	8
149	80	0	4
149	166	4	5
150	82	5	10
150	127	24	28
150	155	3	5
150	144	6	8
150	64	12	13
150	21	12	13
150	116	13	18
150	22	20	25
150	93	8	11
150	20	10	13
150	176	3	7
150	141	4	9
150	104	17	18
150	44	23	24
150	53	1	6
150	99	22	24
150	19	16	21
150	86	4	8
150	20	14	16
150	134	3	5
150	77	14	17
150	176	11	15
150	35	10	15
150	125	3	4
150	126	10	11
150	19	11	13
150	31	0	4
150	186	2	7
151	168	17	18
151	6	14	15
151	68	6	10
151	128	15	20
151	112	2	7
151	165	13	17
151	119	12	15
151	198	21	26
151	41	22	24
151	150	1	4
151	70	3	5
151	137	21	26
151	106	20	25
151	6	19	24
151	145	11	16
152	2	6	8
152	2	6	9
152	178	11	14
152	169	5	9
152	103	13	15
152	159	1	2
152	67	14	17
152	128	1	6
152	10	4	7
152	58	19	20
152	178	20	23
152	170	20	22
152	1	8	9
152	187	2	5
152	2	8	9
152	81	13	18
152	73	7	12
152	113	4	7
152	155	14	19
152	17	5	10
152	171	1	4
152	107	3	4
152	62	21	26
152	3	5	8
152	137	17	18
152	113	14	17
152	79	8	13
152	5	4	8
152	174	0	5
153	156	22	25
153	75	9	12
153	85	12	15
153	106	21	25
153	60	14	15
153	142	15	16
153	52	12	14
153	145	11	15
153	191	2	3
153	131	1	4
153	88	9	10
153	161	19	22
153	1	18	20
153	49	22	24
153	192	17	21
153	76	14	18
153	122	15	19
153	109	15	20
153	163	12	17
153	63	5	8
153	17	5	8
153	89	5	8
154	150	16	20
154	11	23	26
154	51	1	2
154	178	14	17
154	162	21	25
154	141	10	13
154	168	14	15
154	28	6	8
154	182	1	3
154	124	2	3
154	62	1	4
154	53	2	5
154	63	9	14
154	131	0	5
154	157	16	20
154	41	6	10
154	133	21	23
154	40	12	15
154	70	6	10
154	136	10	15
154	61	6	9
154	70	2	6
154	81	14	15
154	14	22	23
155	113	19	21
155	42	16	18
155	43	16	20
155	196	16	18
155	71	24	26
155	192	15	17
155	142	0	2
155	163	22	25
155	69	8	11
155	196	22	26
155	139	18	22
155	23	11	14
155	161	5	10
155	27	14	18
155	166	0	5
155	138	13	16
155	116	24	28
155	39	23	24
156	174	10	14
156	197	16	18
156	49	15	18
156	197	15	18
156	22	14	15
156	157	11	13
156	163	17	22
156	137	1	4
156	43	8	9
156	149	0	4
157	59	20	21
157	126	24	27
157	190	19	21
157	111	1	4
157	55	17	18
157	126	7	10
157	194	21	22
157	81	24	27
157	84	5	8
157	71	4	7
157	153	5	10
157	34	4	7
157	108	2	4
157	86	18	20
157	85	6	10
157	39	23	26
157	199	9	13
157	141	16	18
157	194	2	7
157	146	24	27
157	186	9	11
157	149	12	15
157	131	6	10
157	68	11	12
157	158	22	24
157	48	3	4
157	122	19	21
157	41	16	18
158	91	11	15
158	193	19	22
158	119	11	16
158	145	2	3
158	102	0	3
158	93	8	9
158	3	15	19
158	192	16	17
158	52	0	5
158	6	8	12
158	155	5	9
158	0	16	21
158	194	17	21
158	92	3	4
158	182	18	21
158	51	14	19
158	35	15	18
159	3	3	8
159	127	21	23
159	65	21	24
159	12	12	13
159	139	14	19
159	194	16	18
159	168	13	14
159	150	13	14
159	68	11	13
159	81	19	22
159	77	3	4
159	65	15	18
159	191	3	8
159	158	5	8
159	79	11	12
159	179	10	14
159	93	21	25
160	23	8	9
160	1	17	19
160	73	21	24
160	179	7	11
160	199	23	24
160	46	14	19
160	101	1	3
160	189	10	12
160	84	14	19
160	3	5	6
160	188	6	11
160	61	12	13
160	113	13	18
160	184	2	7
160	17	22	25
160	88	20	21
160	197	8	12
160	97	16	21
160	85	19	24
160	18	0	1
160	31	8	12
160	167	23	26
160	92	4	7
160	171	9	13
160	83	22	26
160	131	19	22
160	70	9	12
160	57	6	8
160	43	20	24
161	87	24	29
161	181	6	7
161	117	15	18
161	101	17	21
161	151	16	19
161	162	15	17
161	112	9	14
161	185	4	6
161	74	3	8
161	17	18	23
161	155	16	20
161	16	5	9
161	130	16	17
161	103	14	16
162	172	13	14
162	161	17	22
162	159	11	12
162	82	12	16
162	153	11	15
162	17	17	20
162	130	5	7
162	143	15	20
162	42	24	27
162	50	5	8
162	1	0	1
162	191	15	19
162	76	15	16
162	129	7	11
162	74	22	25
162	62	11	16
162	186	9	11
162	41	8	12
162	157	9	13
162	46	4	9
162	76	13	14
162	164	9	13
162	163	4	6
162	0	14	17
162	189	0	2
162	11	13	14
162	93	22	27
162	81	8	13
162	175	11	14
163	171	16	20
163	71	17	21
163	198	17	22
163	153	11	16
163	18	23	26
163	187	14	17
163	91	6	11
163	40	15	20
163	50	7	8
163	49	7	12
163	97	0	4
163	150	19	20
163	57	12	13
163	93	4	5
163	48	13	15
163	34	22	24
163	84	16	19
163	35	4	7
163	176	15	18
163	188	2	7
164	107	16	21
164	118	22	23
164	170	13	18
164	155	19	20
164	22	17	18
164	13	15	17
164	48	13	18
164	11	2	6
164	102	7	8
164	188	8	10
164	10	0	5
164	74	14	17
164	103	17	19
165	97	3	5
165	92	2	4
165	150	3	5
165	30	18	23
165	157	9	12
165	50	10	15
165	108	5	6
165	59	15	18
165	195	23	28
165	23	18	19
165	16	9	13
165	74	5	9
165	143	1	3
165	147	9	12
165	123	15	19
165	90	5	6
165	44	24	27
165	18	6	8
166	106	9	13
166	138	17	22
166	93	3	5
166	162	16	20
166	0	10	11
166	156	24	27
166	47	3	8
166	91	1	6
166	127	18	20
166	10	10	15
166	183	11	12
166	22	18	19
166	138	17	22
166	46	20	25
166	155	1	3
166	126	23	24
166	96	18	20
166	119	2	5
166	142	13	16
166	107	1	6
166	94	4	8
166	163	10	11
166	144	1	5
166	122	19	21
166	99	22	26
167	114	6	8
167	164	3	5
167	149	7	8
167	188	9	13
167	108	4	5
167	53	0	3
167	173	6	10
167	117	6	7
167	179	10	15
167	169	15	19
167	138	3	7
167	145	15	19
167	142	4	8
167	13	9	13
167	87	0	2
167	7	22	26
167	190	10	13
167	156	5	10
167	7	17	19
167	168	0	2
167	42	8	10
167	67	5	6
167	134	1	6
167	39	15	17
167	125	23	28
167	169	9	10
167	34	14	18
167	56	15	17
168	86	11	13
168	157	15	17
168	15	24	28
168	179	0	3
168	67	0	4
168	28	21	25
168	192	0	5
168	112	22	25
168	129	22	27
168	19	14	15
168	189	11	13
168	154	24	26
168	162	18	21
168	147	0	4
168	46	7	11
168	139	23	25
168	93	14	16
168	51	7	9
168	1	12	14
168	26	18	19
168	188	9	11
168	87	7	10
168	107	22	23
168	24	11	12
169	113	17	21
169	81	18	23
169	192	16	18
169	61	23	24
169	110	4	5
169	165	6	8
169	106	12	16
169	78	11	14
169	14	24	29
169	84	11	12
169	36	5	9
169	133	3	7
169	195	22	24
169	105	18	20
169	74	15	17
169	149	11	15
169	104	1	5
169	101	18	23
169	61	10	11
169	112	7	8
169	163	12	14
169	3	4	9
169	178	5	6
170	35	4	5
170	119	1	5
170	3	13	15
170	197	4	5
170	148	6	8
170	190	22	26
170	103	15	16
170	187	16	21
170	34	20	22
170	153	14	19
170	168	3	7
170	191	9	11
170	189	4	8
170	12	12	16
170	64	9	11
170	154	22	25
170	96	9	10
170	96	13	18
170	26	21	23
170	176	17	20
170	75	16	17
170	161	15	16
170	119	9	14
171	45	22	23
171	13	12	14
171	69	21	22
171	187	9	11
171	75	6	11
171	19	15	18
171	140	20	22
171	34	22	23
171	35	8	12
171	94	2	4
171	177	6	9
171	124	18	23
171	103	18	22
171	95	9	14
171	124	3	6
171	21	21	23
172	5	9	12
172	50	15	16
172	74	4	5
172	129	6	10
172	125	4	6
172	32	11	13
172	189	8	12
172	134	2	7
172	91	1	4
172	122	13	15
172	3	1	3
172	106	14	16
172	183	6	11
172	56	3	6
172	144	0	1
172	0	15	17
172	64	22	26
172	39	7	10
172	141	21	24
172	54	5	6
172	169	20	22
172	88	19	23
172	189	20	21
172	52	12	13
172	104	8	9
172	64	3	6
172	40	17	22
172	54	14	15
172	153	2	4
173	128	20	22
173	127	3	8
173	100	13	18
173	52	15	17
173	73	9	14
173	112	2	3
173	65	6	8
173	171	3	8
173	195	16	21
173	168	17	22
173	136	7	10
173	124	7	8
173	42	7	10
173	157	16	17
173	152	0	1
174	59	19	24
174	196	21	22
174	30	23	24
174	44	23	24
174	196	17	20
174	79	6	8
174	159	4	7
174	63	24	29
174	185	4	7
174	58	20	25
174	0	9	12
174	170	2	4
174	32	18	21
174	180	20	23
174	73	12	17
174	155	4	5
174	46	15	20
174	69	2	3
174	105	14	15
174	138	19	21
174	166	1	4
174	158	14	18
174	12	21	22
174	147	14	17
174	9	0	3
174	10	6	8
174	141	23	28
175	191	12	14
175	84	4	7
175	123	8	9
175	86	8	10
175	153	11	12
175	162	9	10
175	137	6	9
175	3	14	17
175	184	5	6
175	29	24	29
175	150	3	6
175	81	12	16
175	177	23	25
175	1	14	19
176	111	8	12
176	193	11	14
176	100	15	17
176	14	17	20
176	115	18	22
176	2	1	3
176	125	17	22
176	139	24	26
176	39	13	14
176	104	11	16
176	126	11	16
176	190	6	11
176	82	11	14
176	132	14	18
176	33	3	4
176	42	23	28
176	54	21	25
177	52	4	6
177	193	6	8
177	13	16	18
177	89	11	13
177	82	3	7
177	108	2	3
177	199	7	10
177	75	12	13
177	40	13	15
177	115	5	7
177	136	17	18
177	141	16	18
177	167	2	7
177	159	24	29
177	53	7	9
177	147	13	14
177	114	9	14
178	37	13	15
178	85	23	26
178	121	23	25
178	41	2	3
178	96	17	21
178	114	19	21
178	182	5	6
178	13	1	3
178	168	11	16
178	30	17	18
178	165	21	22
178	145	20	21
178	169	19	23
178	189	17	19
178	82	3	6
178	24	1	2
178	165	9	11
178	192	15	20
178	138	19	20
178	125	2	3
179	3	14	16
179	53	17	19
179	142	13	14
179	196	11	14
179	74	12	16
179	58	6	7
179	3	16	17
179	126	2	7
179	122	4	6
179	163	2	4
180	104	11	15
180	21	13	14
180	116	16	21
180	184	20	21
180	10	15	19
180	179	0	5
180	97	9	11
180	157	11	12
180	104	1	6
180	58	3	4
180	51	15	20
180	61	10	11
180	122	15	18
180	116	7	10
180	8	12	16
180	80	3	8
180	161	13	17
180	163	13	16
180	22	7	8
180	0	7	11
180	104	14	18
180	120	13	16
180	59	21	26
180	139	13	16
180	156	15	16
180	57	6	7
180	84	13	16
181	144	3	5
181	172	8	13
181	48	14	16
181	12	10	12
181	88	9	13
181	41	23	25
181	72	7	11
181	173	21	24
181	147	22	23
181	150	5	9
181	12	1	2
181	131	19	21
181	135	1	2
181	165	12	16
181	198	22	25
181	93	4	7
181	176	21	24
182	190	16	18
182	2	8	11
182	59	22	25
182	27	13	18
182	197	12	13
182	70	9	10
182	167	3	6
182	176	22	23
182	177	15	17
182	62	14	15
182	143	18	23
182	132	3	6
182	4	6	10
183	54	5	6
183	174	12	17
183	82	13	17
183	184	5	10
183	68	3	7
183	126	0	1
183	189	0	5
183	99	22	25
183	40	17	19
183	113	11	14
184	43	6	9
184	78	6	8
184	32	23	27
184	132	3	5
184	55	16	21
184	199	24	29
184	130	10	12
184	41	9	12
184	111	10	13
184	33	17	21
184	178	13	16
184	12	12	16
184	8	3	8
184	174	14	16
184	22	1	6
184	1	12	15
184	62	17	22
184	191	16	21
184	93	19	21
184	60	2	4
184	187	22	27
184	102	18	22
184	185	1	5
184	18	21	22
184	49	14	19
184	70	0	1
185	164	20	25
185	113	22	26
185	187	24	27
185	20	1	2
185	115	19	22
185	43	3	8
185	120	22	23
185	194	11	13
185	192	17	21
185	10	3	4
185	53	17	22
185	8	7	12
185	113	22	24
185	25	16	19
185	180	1	2
185	154	11	14
185	187	16	17
185	121	13	17
185	137	2	5
185	191	3	6
185	136	18	23
185	119	15	19
185	188	13	14
185	20	12	14
185	99	15	20
185	178	20	25
185	86	4	8
186	87	11	15
186	47	21	24
186	194	16	17
186	188	10	15
186	196	10	11
186	188	13	18
186	67	22	24
186	84	3	8
186	35	24	28
186	179	7	9
186	188	13	14
186	70	21	25
186	99	1	6
186	153	1	6
186	134	22	25
186	118	16	19
186	97	22	23
186	16	13	15
186	52	5	9
186	152	21	22
187	109	1	2
187	48	9	10
187	93	23	27
187	30	17	22
187	38	2	4
187	171	24	29
187	129	7	11
187	7	24	28
187	97	17	22
187	42	13	15
187	118	17	19
187	119	13	15
187	151	18	21
187	77	18	23
187	102	23	26
187	79	12	15
187	33	0	2
187	98	3	4
187	65	0	2
187	165	13	18
187	97	22	27
187	137	7	8
187	41	20	21
187	103	18	19
187	57	1	6
187	158	18	20
187	111	5	10
187	66	24	25
187	95	13	17
188	120	0	3
188	78	3	4
188	192	5	10
188	14	23	27
188	27	3	7
188	79	3	7
188	138	13	18
188	180	10	15
188	6	24	25
188	99	16	17
188	40	16	21
188	124	17	19
188	1	24	28
188	168	19	21
189	26	10	13
189	104	11	13
189	126	5	8
189	68	3	7
189	140	21	25
189	181	9	11
189	71	14	15
189	22	18	19
189	151	9	12
189	182	3	7
189	51	23	27
189	112	4	6
189	10	17	22
189	186	11	12
189	196	23	27
189	44	9	11
189	162	5	8
189	111	14	15
189	192	7	9
189	146	22	26
189	47	1	4
189	126	12	15
189	28	6	9
189	74	1	4
189	134	19	22
189	49	18	23
189	1	23	26
189	83	10	15
189	171	7	10
190	0	18	20
190	170	18	20
190	7	21	22
190	165	0	4
190	186	23	28
190	137	21	25
190	103	18	22
190	44	1	3
190	40	15	18
190	153	13	17
190	8	4	9
190	78	20	25
190	114	2	3
190	9	20	24
190	34	15	17
190	117	14	15
190	117	13	15
190	98	6	11
191	122	17	21
191	137	6	9
191	44	20	22
191	12	23	25
191	168	7	12
191	188	6	11
191	114	16	21
191	90	18	20
191	137	13	17
191	72	14	15
191	124	17	20
191	41	4	7
191	133	14	17
191	18	10	12
191	90	13	14
191	67	4	7
191	79	10	13
191	198	2	6
191	90	5	8
192	158	11	12
192	182	9	14
192	145	21	24
192	55	17	21
192	144	16	21
192	98	12	17
192	117	18	23
192	160	20	21
192	25	17	21
192	11	0	1
192	111	10	14
192	9	2	3
192	137	12	13
192	71	2	7
192	191	1	6
192	57	6	11
192	168	19	23
192	50	8	9
192	54	11	13
192	24	14	16
193	9	3	7
193	8	6	10
193	67	5	10
193	102	11	13
193	15	8	11
193	106	17	19
193	123	17	18
193	16	9	11
193	122	22	27
193	76	7	11
194	50	16	21
194	39	1	5
194	9	11	14
194	79	21	23
194	169	13	15
194	132	6	10
194	191	20	25
194	17	11	15
194	172	11	12
194	118	17	19
194	197	8	10
194	147	16	17
194	61	14	19
194	72	18	20
194	54	2	6
194	58	14	16
194	137	1	6
194	135	3	4
194	16	5	6
194	56	18	22
194	74	19	24
194	174	4	8
194	39	9	13
194	11	9	13
194	40	10	13
194	155	2	6
195	45	6	9
195	6	20	21
195	107	3	5
195	164	19	24
195	163	5	6
195	12	2	6
195	117	3	4
195	19	17	22
195	67	4	8
195	147	21	25
195	6	16	21
196	100	1	3
196	169	20	25
196	185	11	12
196	176	16	21
196	136	8	12
196	97	0	2
196	55	14	17
196	76	23	27
196	45	22	25
196	130	24	26
196	197	19	22
196	140	2	4
196	156	8	10
196	194	12	16
196	63	15	20
196	82	0	1
197	196	14	18
197	198	4	7
197	4	24	25
197	93	14	18
197	150	11	16
197	165	5	7
197	23	7	8
197	29	9	11
197	173	6	7
197	83	8	9
197	59	7	12
197	73	1	5
197	41	6	9
197	55	9	11
197	189	0	4
197	57	21	22
197	68	14	17
197	28	20	23
197	154	7	8
197	124	7	9
197	1	7	9
197	117	12	17
197	196	0	2
197	24	21	24
197	100	17	20
197	10	4	9
197	106	22	25
198	63	0	2
198	58	4	5
198	36	7	8
198	53	19	24
198	54	21	24
198	101	19	20
198	147	17	18
198	52	17	20
198	110	17	20
198	127	0	2
198	199	15	19
198	160	11	12
198	137	6	9
198	15	21	23
198	97	17	19
198	164	20	24
198	66	11	12
198	65	20	21
198	185	18	19
198	183	14	17
198	79	1	6
198	50	16	19
199	189	5	8
199	155	17	21
199	139	19	21
199	156	22	23
199	118	11	14
199	192	22	24
199	81	7	9
199	170	13	16
199	2	8	12
199	24	5	8
